title: Guardian Games 2024

// Taraxippos
//notes: PVE - First two rolls don't matter
dimwishlist:item=3007479950&perks=1392496348,3142289711,3828510309,1015611457
dimwishlist:item=3007479950&perks=1392496348,1087426260,3828510309,1015611457
dimwishlist:item=3007479950&perks=1392496348,106909392,3828510309,1015611457
dimwishlist:item=3007479950&perks=1392496348,2420895100,3828510309,1015611457
dimwishlist:item=3007479950&perks=1392496348,3177308360,3828510309,1015611457
dimwishlist:item=3007479950&perks=1392496348,1431678320,3828510309,1015611457
dimwishlist:item=3007479950&perks=1392496348,3230963543,3828510309,1015611457
dimwishlist:item=3007479950&perks=839105230,3142289711,3828510309,1015611457
dimwishlist:item=3007479950&perks=839105230,1087426260,3828510309,1015611457
dimwishlist:item=3007479950&perks=839105230,106909392,3828510309,1015611457
dimwishlist:item=3007479950&perks=839105230,2420895100,3828510309,1015611457
dimwishlist:item=3007479950&perks=839105230,3177308360,3828510309,1015611457
dimwishlist:item=3007479950&perks=839105230,1431678320,3828510309,1015611457
dimwishlist:item=3007479950&perks=839105230,3230963543,3828510309,1015611457
dimwishlist:item=3007479950&perks=3661387068,3142289711,3828510309,1015611457
dimwishlist:item=3007479950&perks=3661387068,1087426260,3828510309,1015611457
dimwishlist:item=3007479950&perks=3661387068,106909392,3828510309,1015611457
dimwishlist:item=3007479950&perks=3661387068,2420895100,3828510309,1015611457
dimwishlist:item=3007479950&perks=3661387068,3177308360,3828510309,1015611457
dimwishlist:item=3007479950&perks=3661387068,1431678320,3828510309,1015611457
dimwishlist:item=3007479950&perks=3661387068,3230963543,3828510309,1015611457
dimwishlist:item=3007479950&perks=4090651448,3142289711,3828510309,1015611457
dimwishlist:item=3007479950&perks=4090651448,1087426260,3828510309,1015611457
dimwishlist:item=3007479950&perks=4090651448,106909392,3828510309,1015611457
dimwishlist:item=3007479950&perks=4090651448,2420895100,3828510309,1015611457
dimwishlist:item=3007479950&perks=4090651448,3177308360,3828510309,1015611457
dimwishlist:item=3007479950&perks=4090651448,1431678320,3828510309,1015611457
dimwishlist:item=3007479950&perks=4090651448,3230963543,3828510309,1015611457
dimwishlist:item=3007479950&perks=1467527085,3142289711,3828510309,1015611457
dimwishlist:item=3007479950&perks=1467527085,1087426260,3828510309,1015611457
dimwishlist:item=3007479950&perks=1467527085,106909392,3828510309,1015611457
dimwishlist:item=3007479950&perks=1467527085,2420895100,3828510309,1015611457
dimwishlist:item=3007479950&perks=1467527085,3177308360,3828510309,1015611457
dimwishlist:item=3007479950&perks=1467527085,1431678320,3828510309,1015611457
dimwishlist:item=3007479950&perks=1467527085,3230963543,3828510309,1015611457
dimwishlist:item=3007479950&perks=1840239774,3142289711,3828510309,1015611457
dimwishlist:item=3007479950&perks=1840239774,1087426260,3828510309,1015611457
dimwishlist:item=3007479950&perks=1840239774,106909392,3828510309,1015611457
dimwishlist:item=3007479950&perks=1840239774,2420895100,3828510309,1015611457
dimwishlist:item=3007479950&perks=1840239774,3177308360,3828510309,1015611457
dimwishlist:item=3007479950&perks=1840239774,1431678320,3828510309,1015611457
dimwishlist:item=3007479950&perks=1840239774,3230963543,3828510309,1015611457
dimwishlist:item=3007479950&perks=202670084,3142289711,3828510309,1015611457
dimwishlist:item=3007479950&perks=202670084,1087426260,3828510309,1015611457
dimwishlist:item=3007479950&perks=202670084,106909392,3828510309,1015611457
dimwishlist:item=3007479950&perks=202670084,2420895100,3828510309,1015611457
dimwishlist:item=3007479950&perks=202670084,3177308360,3828510309,1015611457
dimwishlist:item=3007479950&perks=202670084,1431678320,3828510309,1015611457
dimwishlist:item=3007479950&perks=202670084,3230963543,3828510309,1015611457
dimwishlist:item=3007479950&perks=3250034553,3142289711,3828510309,1015611457
dimwishlist:item=3007479950&perks=3250034553,1087426260,3828510309,1015611457
dimwishlist:item=3007479950&perks=3250034553,106909392,3828510309,1015611457
dimwishlist:item=3007479950&perks=3250034553,2420895100,3828510309,1015611457
dimwishlist:item=3007479950&perks=3250034553,3177308360,3828510309,1015611457
dimwishlist:item=3007479950&perks=3250034553,1431678320,3828510309,1015611457
dimwishlist:item=3007479950&perks=3250034553,3230963543,3828510309,1015611457
dimwishlist:item=3007479950&perks=1482024992,3142289711,3828510309,1015611457
dimwishlist:item=3007479950&perks=1482024992,1087426260,3828510309,1015611457
dimwishlist:item=3007479950&perks=1482024992,106909392,3828510309,1015611457
dimwishlist:item=3007479950&perks=1482024992,2420895100,3828510309,1015611457
dimwishlist:item=3007479950&perks=1482024992,3177308360,3828510309,1015611457
dimwishlist:item=3007479950&perks=1482024992,1431678320,3828510309,1015611457
dimwishlist:item=3007479950&perks=1482024992,3230963543,3828510309,1015611457
dimwishlist:item=3007479950&perks=1392496348,3142289711,1354429876,555281244
dimwishlist:item=3007479950&perks=1392496348,1087426260,1354429876,555281244
dimwishlist:item=3007479950&perks=1392496348,106909392,1354429876,555281244
dimwishlist:item=3007479950&perks=1392496348,2420895100,1354429876,555281244
dimwishlist:item=3007479950&perks=1392496348,3177308360,1354429876,555281244
dimwishlist:item=3007479950&perks=1392496348,1431678320,1354429876,555281244
dimwishlist:item=3007479950&perks=1392496348,3230963543,1354429876,555281244
dimwishlist:item=3007479950&perks=839105230,3142289711,1354429876,555281244
dimwishlist:item=3007479950&perks=839105230,1087426260,1354429876,555281244
dimwishlist:item=3007479950&perks=839105230,106909392,1354429876,555281244
dimwishlist:item=3007479950&perks=839105230,2420895100,1354429876,555281244
dimwishlist:item=3007479950&perks=839105230,3177308360,1354429876,555281244
dimwishlist:item=3007479950&perks=839105230,1431678320,1354429876,555281244
dimwishlist:item=3007479950&perks=839105230,3230963543,1354429876,555281244
dimwishlist:item=3007479950&perks=3661387068,3142289711,1354429876,555281244
dimwishlist:item=3007479950&perks=3661387068,1087426260,1354429876,555281244
dimwishlist:item=3007479950&perks=3661387068,106909392,1354429876,555281244
dimwishlist:item=3007479950&perks=3661387068,2420895100,1354429876,555281244
dimwishlist:item=3007479950&perks=3661387068,3177308360,1354429876,555281244
dimwishlist:item=3007479950&perks=3661387068,1431678320,1354429876,555281244
dimwishlist:item=3007479950&perks=3661387068,3230963543,1354429876,555281244
dimwishlist:item=3007479950&perks=4090651448,3142289711,1354429876,555281244
dimwishlist:item=3007479950&perks=4090651448,1087426260,1354429876,555281244
dimwishlist:item=3007479950&perks=4090651448,106909392,1354429876,555281244
dimwishlist:item=3007479950&perks=4090651448,2420895100,1354429876,555281244
dimwishlist:item=3007479950&perks=4090651448,3177308360,1354429876,555281244
dimwishlist:item=3007479950&perks=4090651448,1431678320,1354429876,555281244
dimwishlist:item=3007479950&perks=4090651448,3230963543,1354429876,555281244
dimwishlist:item=3007479950&perks=1467527085,3142289711,1354429876,555281244
dimwishlist:item=3007479950&perks=1467527085,1087426260,1354429876,555281244
dimwishlist:item=3007479950&perks=1467527085,106909392,1354429876,555281244
dimwishlist:item=3007479950&perks=1467527085,2420895100,1354429876,555281244
dimwishlist:item=3007479950&perks=1467527085,3177308360,1354429876,555281244
dimwishlist:item=3007479950&perks=1467527085,1431678320,1354429876,555281244
dimwishlist:item=3007479950&perks=1467527085,3230963543,1354429876,555281244
dimwishlist:item=3007479950&perks=1840239774,3142289711,1354429876,555281244
dimwishlist:item=3007479950&perks=1840239774,1087426260,1354429876,555281244
dimwishlist:item=3007479950&perks=1840239774,106909392,1354429876,555281244
dimwishlist:item=3007479950&perks=1840239774,2420895100,1354429876,555281244
dimwishlist:item=3007479950&perks=1840239774,3177308360,1354429876,555281244
dimwishlist:item=3007479950&perks=1840239774,1431678320,1354429876,555281244
dimwishlist:item=3007479950&perks=1840239774,3230963543,1354429876,555281244
dimwishlist:item=3007479950&perks=202670084,3142289711,1354429876,555281244
dimwishlist:item=3007479950&perks=202670084,1087426260,1354429876,555281244
dimwishlist:item=3007479950&perks=202670084,106909392,1354429876,555281244
dimwishlist:item=3007479950&perks=202670084,2420895100,1354429876,555281244
dimwishlist:item=3007479950&perks=202670084,3177308360,1354429876,555281244
dimwishlist:item=3007479950&perks=202670084,1431678320,1354429876,555281244
dimwishlist:item=3007479950&perks=202670084,3230963543,1354429876,555281244
dimwishlist:item=3007479950&perks=3250034553,3142289711,1354429876,555281244
dimwishlist:item=3007479950&perks=3250034553,1087426260,1354429876,555281244
dimwishlist:item=3007479950&perks=3250034553,106909392,1354429876,555281244
dimwishlist:item=3007479950&perks=3250034553,2420895100,1354429876,555281244
dimwishlist:item=3007479950&perks=3250034553,3177308360,1354429876,555281244
dimwishlist:item=3007479950&perks=3250034553,1431678320,1354429876,555281244
dimwishlist:item=3007479950&perks=3250034553,3230963543,1354429876,555281244
dimwishlist:item=3007479950&perks=1482024992,3142289711,1354429876,555281244
dimwishlist:item=3007479950&perks=1482024992,1087426260,1354429876,555281244
dimwishlist:item=3007479950&perks=1482024992,106909392,1354429876,555281244
dimwishlist:item=3007479950&perks=1482024992,2420895100,1354429876,555281244
dimwishlist:item=3007479950&perks=1482024992,3177308360,1354429876,555281244
dimwishlist:item=3007479950&perks=1482024992,1431678320,1354429876,555281244
dimwishlist:item=3007479950&perks=1482024992,3230963543,1354429876,555281244

// Taraxippos
//notes: PVP
dimwishlist:item=3007479950&perks=1392496348,3142289711,1365187766,3038247973

// The Title
//notes: First two rolls don't matter
dimwishlist:item=655712834&perks=839105230,1885400500,776531651,2048641572
dimwishlist:item=655712834&perks=839105230,1885400500,243981275,2048641572
dimwishlist:item=655712834&perks=839105230,2420895100,776531651,2048641572
dimwishlist:item=655712834&perks=839105230,2420895100,243981275,2048641572
dimwishlist:item=655712834&perks=839105230,1431678320,776531651,2048641572
dimwishlist:item=655712834&perks=839105230,1431678320,243981275,2048641572
dimwishlist:item=655712834&perks=839105230,1087426260,776531651,2048641572
dimwishlist:item=655712834&perks=839105230,1087426260,243981275,2048641572
dimwishlist:item=655712834&perks=839105230,1968497646,776531651,2048641572
dimwishlist:item=655712834&perks=839105230,1968497646,243981275,2048641572
dimwishlist:item=655712834&perks=839105230,1561002382,776531651,2048641572
dimwishlist:item=655712834&perks=839105230,1561002382,243981275,2048641572
dimwishlist:item=655712834&perks=839105230,3230963543,776531651,2048641572
dimwishlist:item=655712834&perks=839105230,3230963543,243981275,2048641572
dimwishlist:item=655712834&perks=839105230,679225683,776531651,2048641572
dimwishlist:item=655712834&perks=839105230,679225683,243981275,2048641572
dimwishlist:item=655712834&perks=3661387068,1885400500,776531651,2048641572
dimwishlist:item=655712834&perks=3661387068,1885400500,243981275,2048641572
dimwishlist:item=655712834&perks=3661387068,2420895100,776531651,2048641572
dimwishlist:item=655712834&perks=3661387068,2420895100,243981275,2048641572
dimwishlist:item=655712834&perks=3661387068,1431678320,776531651,2048641572
dimwishlist:item=655712834&perks=3661387068,1431678320,243981275,2048641572
dimwishlist:item=655712834&perks=3661387068,1087426260,776531651,2048641572
dimwishlist:item=655712834&perks=3661387068,1087426260,243981275,2048641572
dimwishlist:item=655712834&perks=3661387068,1968497646,776531651,2048641572
dimwishlist:item=655712834&perks=3661387068,1968497646,243981275,2048641572
dimwishlist:item=655712834&perks=3661387068,1561002382,776531651,2048641572
dimwishlist:item=655712834&perks=3661387068,1561002382,243981275,2048641572
dimwishlist:item=655712834&perks=3661387068,3230963543,776531651,2048641572
dimwishlist:item=655712834&perks=3661387068,3230963543,243981275,2048641572
dimwishlist:item=655712834&perks=3661387068,679225683,776531651,2048641572
dimwishlist:item=655712834&perks=3661387068,679225683,243981275,2048641572
dimwishlist:item=655712834&perks=4090651448,1885400500,776531651,2048641572
dimwishlist:item=655712834&perks=4090651448,1885400500,243981275,2048641572
dimwishlist:item=655712834&perks=4090651448,2420895100,776531651,2048641572
dimwishlist:item=655712834&perks=4090651448,2420895100,243981275,2048641572
dimwishlist:item=655712834&perks=4090651448,1431678320,776531651,2048641572
dimwishlist:item=655712834&perks=4090651448,1431678320,243981275,2048641572
dimwishlist:item=655712834&perks=4090651448,1087426260,776531651,2048641572
dimwishlist:item=655712834&perks=4090651448,1087426260,243981275,2048641572
dimwishlist:item=655712834&perks=4090651448,1968497646,776531651,2048641572
dimwishlist:item=655712834&perks=4090651448,1968497646,243981275,2048641572
dimwishlist:item=655712834&perks=4090651448,1561002382,776531651,2048641572
dimwishlist:item=655712834&perks=4090651448,1561002382,243981275,2048641572
dimwishlist:item=655712834&perks=4090651448,3230963543,776531651,2048641572
dimwishlist:item=655712834&perks=4090651448,3230963543,243981275,2048641572
dimwishlist:item=655712834&perks=4090651448,679225683,776531651,2048641572
dimwishlist:item=655712834&perks=4090651448,679225683,243981275,2048641572
dimwishlist:item=655712834&perks=1467527085,1885400500,776531651,2048641572
dimwishlist:item=655712834&perks=1467527085,1885400500,243981275,2048641572
dimwishlist:item=655712834&perks=1467527085,2420895100,776531651,2048641572
dimwishlist:item=655712834&perks=1467527085,2420895100,243981275,2048641572
dimwishlist:item=655712834&perks=1467527085,1431678320,776531651,2048641572
dimwishlist:item=655712834&perks=1467527085,1431678320,243981275,2048641572
dimwishlist:item=655712834&perks=1467527085,1087426260,776531651,2048641572
dimwishlist:item=655712834&perks=1467527085,1087426260,243981275,2048641572
dimwishlist:item=655712834&perks=1467527085,1968497646,776531651,2048641572
dimwishlist:item=655712834&perks=1467527085,1968497646,243981275,2048641572
dimwishlist:item=655712834&perks=1467527085,1561002382,776531651,2048641572
dimwishlist:item=655712834&perks=1467527085,1561002382,243981275,2048641572
dimwishlist:item=655712834&perks=1467527085,3230963543,776531651,2048641572
dimwishlist:item=655712834&perks=1467527085,3230963543,243981275,2048641572
dimwishlist:item=655712834&perks=1467527085,679225683,776531651,2048641572
dimwishlist:item=655712834&perks=1467527085,679225683,243981275,2048641572
dimwishlist:item=655712834&perks=1840239774,1885400500,776531651,2048641572
dimwishlist:item=655712834&perks=1840239774,1885400500,243981275,2048641572
dimwishlist:item=655712834&perks=1840239774,2420895100,776531651,2048641572
dimwishlist:item=655712834&perks=1840239774,2420895100,243981275,2048641572
dimwishlist:item=655712834&perks=1840239774,1431678320,776531651,2048641572
dimwishlist:item=655712834&perks=1840239774,1431678320,243981275,2048641572
dimwishlist:item=655712834&perks=1840239774,1087426260,776531651,2048641572
dimwishlist:item=655712834&perks=1840239774,1087426260,243981275,2048641572
dimwishlist:item=655712834&perks=1840239774,1968497646,776531651,2048641572
dimwishlist:item=655712834&perks=1840239774,1968497646,243981275,2048641572
dimwishlist:item=655712834&perks=1840239774,1561002382,776531651,2048641572
dimwishlist:item=655712834&perks=1840239774,1561002382,243981275,2048641572
dimwishlist:item=655712834&perks=1840239774,3230963543,776531651,2048641572
dimwishlist:item=655712834&perks=1840239774,3230963543,243981275,2048641572
dimwishlist:item=655712834&perks=1840239774,679225683,776531651,2048641572
dimwishlist:item=655712834&perks=1840239774,679225683,243981275,2048641572
dimwishlist:item=655712834&perks=202670084,1885400500,776531651,2048641572
dimwishlist:item=655712834&perks=202670084,1885400500,243981275,2048641572
dimwishlist:item=655712834&perks=202670084,2420895100,776531651,2048641572
dimwishlist:item=655712834&perks=202670084,2420895100,243981275,2048641572
dimwishlist:item=655712834&perks=202670084,1431678320,776531651,2048641572
dimwishlist:item=655712834&perks=202670084,1431678320,243981275,2048641572
dimwishlist:item=655712834&perks=202670084,1087426260,776531651,2048641572
dimwishlist:item=655712834&perks=202670084,1087426260,243981275,2048641572
dimwishlist:item=655712834&perks=202670084,1968497646,776531651,2048641572
dimwishlist:item=655712834&perks=202670084,1968497646,243981275,2048641572
dimwishlist:item=655712834&perks=202670084,1561002382,776531651,2048641572
dimwishlist:item=655712834&perks=202670084,1561002382,243981275,2048641572
dimwishlist:item=655712834&perks=202670084,3230963543,776531651,2048641572
dimwishlist:item=655712834&perks=202670084,3230963543,243981275,2048641572
dimwishlist:item=655712834&perks=202670084,679225683,776531651,2048641572
dimwishlist:item=655712834&perks=202670084,679225683,243981275,2048641572
dimwishlist:item=655712834&perks=3250034553,1885400500,776531651,2048641572
dimwishlist:item=655712834&perks=3250034553,1885400500,243981275,2048641572
dimwishlist:item=655712834&perks=3250034553,2420895100,776531651,2048641572
dimwishlist:item=655712834&perks=3250034553,2420895100,243981275,2048641572
dimwishlist:item=655712834&perks=3250034553,1431678320,776531651,2048641572
dimwishlist:item=655712834&perks=3250034553,1431678320,243981275,2048641572
dimwishlist:item=655712834&perks=3250034553,1087426260,776531651,2048641572
dimwishlist:item=655712834&perks=3250034553,1087426260,243981275,2048641572
dimwishlist:item=655712834&perks=3250034553,1968497646,776531651,2048641572
dimwishlist:item=655712834&perks=3250034553,1968497646,243981275,2048641572
dimwishlist:item=655712834&perks=3250034553,1561002382,776531651,2048641572
dimwishlist:item=655712834&perks=3250034553,1561002382,243981275,2048641572
dimwishlist:item=655712834&perks=3250034553,3230963543,776531651,2048641572
dimwishlist:item=655712834&perks=3250034553,3230963543,243981275,2048641572
dimwishlist:item=655712834&perks=3250034553,679225683,776531651,2048641572
dimwishlist:item=655712834&perks=3250034553,679225683,243981275,2048641572
dimwishlist:item=655712834&perks=1392496348,1885400500,776531651,2048641572
dimwishlist:item=655712834&perks=1392496348,1885400500,243981275,2048641572
dimwishlist:item=655712834&perks=1392496348,2420895100,776531651,2048641572
dimwishlist:item=655712834&perks=1392496348,2420895100,243981275,2048641572
dimwishlist:item=655712834&perks=1392496348,1431678320,776531651,2048641572
dimwishlist:item=655712834&perks=1392496348,1431678320,243981275,2048641572
dimwishlist:item=655712834&perks=1392496348,1087426260,776531651,2048641572
dimwishlist:item=655712834&perks=1392496348,1087426260,243981275,2048641572
dimwishlist:item=655712834&perks=1392496348,1968497646,776531651,2048641572
dimwishlist:item=655712834&perks=1392496348,1968497646,243981275,2048641572
dimwishlist:item=655712834&perks=1392496348,1561002382,776531651,2048641572
dimwishlist:item=655712834&perks=1392496348,1561002382,243981275,2048641572
dimwishlist:item=655712834&perks=1392496348,3230963543,776531651,2048641572
dimwishlist:item=655712834&perks=1392496348,3230963543,243981275,2048641572
dimwishlist:item=655712834&perks=1392496348,679225683,776531651,2048641572
dimwishlist:item=655712834&perks=1392496348,679225683,243981275,2048641572
dimwishlist:item=655712834&perks=1482024992,1885400500,776531651,2048641572
dimwishlist:item=655712834&perks=1482024992,1885400500,243981275,2048641572
dimwishlist:item=655712834&perks=1482024992,2420895100,776531651,2048641572
dimwishlist:item=655712834&perks=1482024992,2420895100,243981275,2048641572
dimwishlist:item=655712834&perks=1482024992,1431678320,776531651,2048641572
dimwishlist:item=655712834&perks=1482024992,1431678320,243981275,2048641572
dimwishlist:item=655712834&perks=1482024992,1087426260,776531651,2048641572
dimwishlist:item=655712834&perks=1482024992,1087426260,243981275,2048641572
dimwishlist:item=655712834&perks=1482024992,1968497646,776531651,2048641572
dimwishlist:item=655712834&perks=1482024992,1968497646,243981275,2048641572
dimwishlist:item=655712834&perks=1482024992,1561002382,776531651,2048641572
dimwishlist:item=655712834&perks=1482024992,1561002382,243981275,2048641572
dimwishlist:item=655712834&perks=1482024992,3230963543,776531651,2048641572
dimwishlist:item=655712834&perks=1482024992,3230963543,243981275,2048641572
dimwishlist:item=655712834&perks=1482024992,679225683,776531651,2048641572
dimwishlist:item=655712834&perks=1482024992,679225683,243981275,2048641572

// Hullabaloo
dimwishlist:item=657927352&perks=1478423395,2822142346,968510818,3751912585
dimwishlist:item=657927352&perks=1478423395,2822142346,968510818,1546637391
dimwishlist:item=657927352&perks=1844523823,2822142346,968510818,3751912585
dimwishlist:item=657927352&perks=1844523823,2822142346,968510818,1546637391